1.681116326522738902e+01
5.147707540795537540e+01
8.199651908026648783e+00
6.277269528124167053e+00
3.852514906721642518e+01
1.508622505282546626e+05
1.276562679982011161e+02
2.062913240511840485e+01
8.045858561735631298e+00
5.642829699028581558e+00
1.108653791805719102e+01
4.908586145009078194e+00
1.239344115956301273e+01
4.960592197369562584e+00
6.564065824978177588e+00
9.474161389481404072e+00
6.121753551060218790e+00
9.411690805456363051e+00
1.268563739020354220e+01
7.967873973972763224e+01
3.299108032796211454e+00
2.722384695876350236e+00
7.507333811975760440e+00
2.604286032145923802e+00
2.943760709941874776e+00
2.482187099340893877e+00
6.605548017673202210e+00
9.552730279108104128e+00
2.514598961289808088e+01
2.199593820452263060e+01
1.245175604775933209e+02
