1.146261381416669991e+02
1.184587770544925149e+02
6.329233108015367648e+00
4.880422792071886562e+00
6.691406606537666946e+00
5.592742643464816865e+00
4.236055631128373022e+00
4.491402243345296696e+00
2.675224377056017389e+01
7.927163673869488392e+00
6.490809130184883813e+00
5.101754966203295716e+00
8.275014542962553676e+00
5.380008414200254663e+00
1.629373728625471074e+01
5.237470238935949318e+00
5.877697158332619409e+00
4.061426902881671452e+01
8.052804118886616180e+00
1.954599995791499387e+05
5.060495209236520964e+00
