2.489732477352385160e+02
7.260399511942759787e+00
5.050312516398454576e+00
1.396718872378452936e+01
5.255287386228716606e+00
5.228868385415813336e+00
4.841244458389776462e+00
5.023769515591713031e+00
6.504365981245520345e+00
6.457044559369943926e+00
7.800897413895106602e+00
4.359484955502103354e+00
5.932250362765866036e+00
3.080714784905357106e+00
6.658601960905586203e+00
5.522844505271085502e+00
1.109588524764480582e+02
7.215615516835394594e+00
9.645594206228132350e+00
7.989993503383684015e+01
6.249617212812224487e+00
6.897143974812439460e+00
7.441008159139778755e+00
7.542707645255621429e+00
4.276995069829864882e+00
1.293019729975971721e+01
4.621420913382910278e+00
1.125574374219300466e+02
2.346809504331300786e+02
5.200647083868767062e+00
5.838145564966386480e+00
5.504826097327284451e+00
5.627103642677621309e+00
4.521571493107520823e+00
4.454802244919216392e+00
4.481643882048698124e+00
4.500801343042308389e+00
5.579411742716506417e+00
3.060358449967662864e+01
4.009655507916150441e+00
3.509444107382200695e+00
7.810015035928570271e+00
2.680585386872630593e+00
2.706860043785570102e+00
2.866192577680294562e+00
1.924173829557574038e+02
8.924854781573968054e+00
5.984088621407173569e+00
6.570190254292284315e+00
4.671587492103736139e+00
4.189856102607732780e+00
4.154958420915292550e+00
4.301101883082868227e+00
3.844122761965077295e+00
4.398894474987379510e+00
3.993111000615346740e+00
3.980863609669989867e+00
4.414196925306737462e+00
7.210648091381075986e+00
4.059574671370586252e+00
5.796432804925483850e+00
2.705247558128182845e+02
2.626782068800043390e+01
2.869546762100437190e+05
4.124424279241499569e+00
5.164724991251606667e+00
4.383329094576344787e+00
3.943790272248108408e+00
5.821568258540466445e+00
7.447880352252679081e+00
3.178264676287068369e+01
1.439311595735080191e+05
2.599815212055179181e+00
1.198819119146122830e+04
3.062273407854958407e+01
1.844342589211288441e+02
6.720157813933076341e+01
2.604066594998400888e+02
1.040235561032534832e+02
2.092070656791166883e+01
4.729034428207538276e+00
5.270294457415092282e+00
6.933294304182009427e+00
5.081396493844252404e+00
3.917998199143567728e+00
2.564715840641157207e+00
2.063875838035712320e+02
1.362814391092443316e+02
1.522781474611597652e+01
1.288712943562131841e+02
7.784840315045753911e+00
6.595287896439212538e+00
1.616058149946366385e+01
7.822458072553152419e+01
3.000140149920399324e+01
7.558255785931534909e+00
9.999206260282879555e+01
3.572365216842551661e+01
5.107152328419910070e+00
3.733150997341238231e+00
3.978129280843735405e+00
3.805953257820562374e+00
4.744838448781893980e+00
3.797337538434176096e+00
2.301733750616405985e+02
1.635811937445963622e+02
1.508844235946849111e+01
1.606634931452149146e+02
5.697407259253781220e+00
2.566929978214351138e+01
5.472377062102030010e+00
5.810674236828824668e+00
4.277381406917308837e+00
6.503619391784262405e+00
4.439502362748973141e+00
6.801490846706149007e+00
5.937877241209287504e+00
3.144245677270809836e+00
4.214626147169606263e+00
5.195431485417415729e+00
4.064585147581507130e+00
9.243908183330109551e+00
3.493227501462775830e+00
3.990313747729049254e+01
5.734094366028778644e+00
1.118164850296953716e+01
2.986817062429111684e+05
5.619441249211002187e+00
5.812077384343059094e+00
5.853814751877673750e+00
6.236687196588392545e+00
5.500151397583240964e+01
1.470966623597633038e+01
4.164337073819307733e+00
1.667014177739391201e+01
3.192284025803484724e+02
3.871538783113839699e+00
2.677777266471367490e+00
1.146261381416790357e+02
1.184587770545946626e+02
6.329233108015862364e+00
4.880422792071977156e+00
6.691406606538055968e+00
5.592742643464839958e+00
4.236055631128438748e+00
4.491402243345496537e+00
2.675224377055209146e+01
7.927163673869558558e+00
6.490809130185319908e+00
5.101754966203139396e+00
8.275014542962779274e+00
5.380008414200109002e+00
1.629373728625462192e+01
5.237470238935946654e+00
5.877697158332588323e+00
4.061426902881338208e+01
8.052804118886161433e+00
1.954599989477612835e+05
5.060495209236840708e+00
1.681116326522033333e+01
5.147707540791768821e+01
8.199651908027401959e+00
6.277269528124016063e+00
3.852514906721955157e+01
1.508622505879723176e+05
1.276562679982113764e+02
2.062913240511159074e+01
8.045858561735554915e+00
5.642829699028379942e+00
1.108653791805638278e+01
4.908586145009413926e+00
1.239344115956591352e+01
4.960592197369614986e+00
6.564065824978279728e+00
9.474161389482564033e+00
6.121753551059803122e+00
9.411690805458263753e+00
1.268563739020058989e+01
7.967873973977771129e+01
3.299108032796240320e+00
2.722384695876192140e+00
7.507333811975159144e+00
2.604286032145914920e+00
2.943760709941915188e+00
2.482187099340906755e+00
6.605548017673339878e+00
9.552730279107347400e+00
2.514598961289337709e+01
2.199593820452947313e+01
1.245175604776768807e+02
9.039919934004162272e+00
1.986159510412831253e+01
1.078636014715186420e+01
9.218228807123105994e+00
9.665518134800228367e+00
9.222757162798708919e+01
8.432189649771775208e+00
1.200030337916550138e+01
6.558329047511261223e+00
7.892939926404510587e+00
1.132295057363979929e+01
1.055487675643336765e+01
9.814894661441382340e+00
5.847957316434368558e+00
4.351817452229150263e+01
1.735425695711430194e+01
2.986817062429111684e+05
1.634879964989028167e+01
3.579024496689227064e+00
4.494732811589414290e+00
2.867007951794578346e+00
3.611845710938921261e+00
1.249953362718808876e+02
7.300795552343279837e+01
1.093813292201558767e+02
1.291733261689185213e+02
1.392990966208537316e+02
1.618761085159502500e+02
8.855033834625007216e+01
9.350520731826641452e+00
7.795479883918233099e+00
1.328640589075664757e+05
6.240507433898813794e+00
5.025812478610223621e+00
9.242909450236634683e+00
2.998119764459378445e+01
8.123030372158270396e+00
5.092849372742872305e+00
2.769685801823409856e+05
2.453004575729577336e+05
6.124001506654009219e+00
3.302124916663175647e+00
2.381351423263295075e+01
5.641562326662222127e+00
4.173755287122634883e+00
5.007174172897223663e+00
3.051578964835683028e+00
