9.039919934004004176e+00
1.986159510412634077e+01
1.078636014714987112e+01
9.218228807123530544e+00
9.665518134800489491e+00
9.222757162806222198e+01
8.432189649772459106e+00
1.200030337916605383e+01
6.558329047511286092e+00
7.892939926404351603e+00
1.132295057363689139e+01
1.055487675643393963e+01
9.814894661441403656e+00
5.847957316434301056e+00
4.351817452228894467e+01
1.735425695711400351e+01
2.986817062504846836e+05
1.634879964990502188e+01
3.579024496689311441e+00
4.494732811589392085e+00
2.867007951794642295e+00
3.611845710938945686e+00
